2132000,2080365222,1,0,0
2132000,1492430424,2,0,0
2132000,2097007804,3,0,0
2132000,313850441,4,0,0
2132000,1397266780,5,0,0
2132000,2067923570,6,0,0
2132000,394837077,7,0,0
2132000,2030640500,8,0,0
2132000,1281484430,9,0,0
2132000,2071820323,10,0,0
2132000,1182140724,11,0,0
2132000,988126285,12,0,0
2132000,1183064245,13,0,0
2132000,447418758,14,0,0
2132000,1452583547,15,0,0
2132000,500911101,16,0,0
2132000,429255087,17,0,0
2132000,568273801,18,0,0
2132000,957650086,19,0,0
2132000,391083973,20,0,0
2132000,501834621,21,0,0
2132000,1145781174,22,0,0
2132000,2032649231,23,0,0
2132000,1214463960,24,0,0
2132000,473079267,25,0,0
2132000,1301801890,26,0,0
2132000,432025651,27,0,0
2132000,1004789939,28,0,0
2132000,972365834,29,0,0
2132000,278882849,30,0,0
2132000,198739736,31,0,0
2132000,1522906621,32,0,0
2132000,450189315,33,0,0
2132000,1307343014,34,0,0
2132000,1242624672,35,0,0
2132000,501834622,36,0,0
2132000,294001419,37,0,0
2132000,1441379768,38,0,0
2132000,1262942134,39,0,0
2132000,472155747,40,0,0
2132000,390160456,41,0,0
2132000,590096074,42,0,0
2132000,1897221497,43,0,0
2132000,1322047481,44,0,0
2132000,1397266781,45,0,0
2132000,474926308,46,0,0
2132000,432025650,47,0,0
2132000,2067000050,48,0,0
2132000,1181172369,49,0,0
2132000,189009749,50,0,0
2132000,1858752143,51,0,0
2132000,1634162031,52,0,0
2132000,499064059,53,0,0
2132000,567350280,54,0,0
2132000,367995951,55,0,0
2132000,266101643,56,0,0
2132000,439821152,57,0,0
2132000,1523830139,58,0,0
2132000,2032649232,59,0,0
2132000,1267721394,60,0,0
2132000,1242624671,61,0,0
2132000,2125384545,62,0,0
2132000,499987583,63,0,0
2132000,449265799,64,0,0
2132000,530067203,65,0,0
2132000,1262942133,66,0,0
2132000,1124540196,67,0,0
2132000,1163097925,68,0,0
2132000,1302725409,69,0,0
2132000,2095160764,70,0,0
2132000,1281952867,71,0,0
2132000,1142843427,72,0,0
2132000,369261703,73,0,0
2132000,2067923571,74,0,0
2132000,1890084636,75,0,0
2132000,371108745,76,0,0
2132000,1905225476,77,0,0
2132000,501763689,78,0,0
2132000,1155608521,79,0,0
2132000,313850380,80,0,0
2132000,1882501984,81,0,0
2132000,1524753661,82,0,0
2132000,258305389,83,0,0
